image: citymap.pgm
resolution: 0.250000
origin: [-192.125000, -192.125000, 0.000000]
negate: 0
occupied_thresh: 0.65
free_thresh: 0.196

